.Random.seed <-
c(403L, 42L, -749885032L, 1653587999L, 937776516L, 68579014L, 
42331997L, 1371945741L, 1219481189L, -1638880011L, -976727778L, 
-1406541030L, -1328040721L, 1500384296L, 80317697L, -1382292278L, 
99979991L, -2082163712L, -764224583L, -1550190529L, -581958871L, 
-695123646L, -1493054807L, 1445099679L, -1825905892L, -18269971L, 
361263206L, 1833539123L, 1005852875L, -1743230949L, 2139625141L, 
1222007258L, 337679770L, -1734856924L, 1553484662L, -49996076L, 
-1502100633L, 1679479721L, -1102324782L, -131130764L, -630293302L, 
-1630222719L, 507204629L, -1496134912L, -326637201L, -2142981149L, 
1986863826L, -1119366261L, 1707153452L, -776062093L, 1378652895L, 
-8799337L, -306939150L, 1921727020L, -1291256709L, 924152241L, 
-1477073543L, 1390285439L, 1408102301L, -1354665L, -2070831580L, 
906295841L, 696763357L, -1867719966L, -1517582297L, 293657080L, 
-1544409017L, 2106041853L, -1452679422L, -545875246L, -806884381L, 
-960398292L, 186905481L, 1665299274L, -1090456921L, 992102773L, 
696485125L, 1727751780L, -1400354624L, -1827643714L, 291198165L, 
-561571622L, -131726382L, -2085691071L, -1359508436L, -665799258L, 
1664814910L, 550073061L, 421997496L, -994114467L, 798389116L, 
70112196L, 1942540343L, -128961523L, -2109885969L, 683979494L, 
-1148233463L, -1572732385L, 1970452582L, -1053378472L, -154492085L, 
-497143025L, 1112178836L, 1127140072L, -1236873961L, 629385357L, 
-199844044L, -646281987L, 1416367322L, -853739055L, -1054867228L, 
1106817870L, 1269877538L, -257064506L, 1834313576L, -1566683538L, 
-338954985L, 465867307L, -203656482L, 141641906L, 1939711987L, 
-381980470L, -519182801L, 1349991325L, 525614255L, -2096077018L, 
1972972171L, -969663295L, 230670362L, 653730268L, -869260873L, 
1563037691L, 144453390L, -1070342062L, -629102079L, 62945630L, 
-30945727L, -1204940272L, -1481850311L, 193340782L, -1211949371L, 
-365323348L, 1445874413L, -1019573062L, 878729958L, -1786802994L, 
1913232717L, -2077350064L, -1220636426L, -817328500L, -331961706L, 
-1500663432L, -1780151080L, 346778004L, 703003394L, -1078647228L, 
2057663715L, -470083732L, -1630575648L, 1766373324L, -1559813753L, 
-1262531006L, -821365184L, 1865870783L, 45531328L, -43247700L, 
1856709748L, -1813764395L, 1624151817L, -49078611L, 409015659L, 
1226137171L, 1306607739L, 1741732586L, 1587128126L, 1909753833L, 
1114026569L, 1819206050L, -988791296L, -180309972L, 2017742993L, 
1995288759L, -341696508L, 1932510495L, 1595178453L, 54774953L, 
1979976100L, -219588708L, 1802426537L, 851704647L, 793176378L, 
1665649353L, 1167388120L, 266553860L, -742458731L, -175479898L, 
1339331222L, -435670660L, 457058860L, 46899978L, -259678929L, 
-278221525L, 415272390L, 1489509860L, -928615495L, 1950955131L, 
-1997643813L, 2146134064L, -247044124L, 507459957L, -1574891658L, 
-602714741L, 579520024L, 1255006149L, 431984993L, 2040304781L, 
-451218288L, 753764161L, -1627631028L, 794361815L, -2050490585L, 
-780503099L, 324138300L, 1026930789L, 486374244L, -471663434L, 
-1721374346L, -1679969382L, 640582687L, -378500801L, 318137965L, 
-573429379L, -1035413185L, 1076999424L, -1666413644L, 305451863L, 
-1386535618L, -734770044L, -1036946094L, -472983321L, 1259440092L, 
645468080L, 1504521388L, -893025458L, 1773888224L, 1152058059L, 
-1555055979L, 431675681L, 412869138L, 1683753641L, 1873845712L, 
625382416L, 1285068283L, 920331480L, -1514201023L, 375449302L, 
-176730833L, -96633485L, 1843910370L, -1666195101L, -867781505L, 
-1157496269L, -161086788L, -669236829L, 518133568L, -1095996206L, 
-212286705L, 828597602L, -1096757636L, -680454182L, 108645927L, 
-1519899940L, -90218245L, -306454229L, -577481614L, -1276369868L, 
1634850063L, 1138869860L, -536896958L, 122618118L, 2010377099L, 
-279240406L, 1674867509L, 2146356583L, 590984465L, -628560251L, 
1540896095L, -898787807L, -733004075L, -1501068313L, -2016108685L, 
-2046126325L, -958644593L, 2129611827L, -561624647L, -1756599167L, 
204060525L, -1775058648L, -1041958331L, -269619314L, 1676066927L, 
1285652569L, 1715644002L, 1893957656L, 1861120299L, 497549644L, 
375534949L, 2124298613L, -1392001197L, -1639788328L, 1241952426L, 
-691850704L, -956333645L, 9626248L, 349969436L, 1791278210L, 
-2020040342L, -299736956L, 1210020617L, 1008487195L, 530039462L, 
-360414441L, -96046106L, 1406894312L, 1162928553L, 762695280L, 
1343725816L, -1379401092L, -309540298L, 2000297305L, 1473694961L, 
1803165964L, -1594608295L, -649261750L, 1260016722L, 601954137L, 
-1165412794L, -333169474L, -1218434509L, -1270241498L, -1102481025L, 
-1197068278L, -664664950L, -59696644L, -16981154L, 2106259854L, 
1540176906L, -778224331L, 1665076198L, -134242472L, 2026061053L, 
-1497353063L, -852465307L, 1617204368L, 1297749384L, 475323070L, 
-1781189869L, 1830893966L, -1569365543L, -63599727L, -2123934433L, 
-1536166024L, -1131663320L, 292034060L, 1965319527L, -309363634L, 
-1240400681L, -1791305096L, -1615365315L, -1290777278L, 1605203778L, 
-1938459451L, 110518126L, 818691314L, -1813051160L, 1359651384L, 
2064023478L, -909360021L, -1168784247L, 870379385L, -1051518753L, 
-1427754995L, 181711039L, -424577911L, -351013715L, -1163549533L, 
1592748940L, -257204944L, -2087331460L, -918995613L, -593643376L, 
1206191262L, -1026294903L, 1794325991L, 605593081L, -1630074493L, 
43077689L, -2053337623L, -848979901L, 1719344986L, -1085171530L, 
-1138251015L, -591708961L, -1615884764L, 1585227775L, -599538226L, 
111494632L, -1074087961L, -2135334892L, 1017419576L, 1257196319L, 
-853578870L, -828194231L, 2110909830L, 1755152584L, 59864483L, 
2138298399L, -920672325L, 1766424088L, -413449616L, -1499182662L, 
917784610L, -358747888L, 954566992L, 607686945L, 1610358041L, 
-1852459551L, -804998853L, -142898543L, -1425781806L, -1286501382L, 
-1474147722L, 1744553531L, -482977143L, -308760868L, 382301935L, 
68913590L, 1661618210L, -1963384740L, -579600691L, -2068376445L, 
-30578112L, -855898787L, -232554020L, 1758296015L, 1985629452L, 
-1496955063L, -584542778L, 962237500L, 412073842L, -1261097109L, 
861056834L, -1358399232L, -2080799058L, 757622723L, -1207788227L, 
907653754L, -1469492557L, -903392094L, -1541693805L, 1730937204L, 
119765039L, -529300487L, 1439413890L, 1457262839L, -1546064647L, 
-995538167L, -1580524691L, 644985461L, 433272407L, 1148195399L, 
-1164125955L, 802359359L, -1411615260L, 2036680721L, -631202645L, 
-115744356L, 1233097497L, 1338525988L, 1374296189L, 768925931L, 
2137832803L, -1863899377L, 1390090451L, -134040761L, -928986209L, 
-1715288829L, 962170356L, -1415672594L, -1021192002L, -118215992L, 
1613131894L, -1183212812L, -1117867609L, 1469763328L, 130941676L, 
-2115971519L, 452126405L, 995469129L, 1138778247L, -538268407L, 
-1526925030L, -297371354L, -1309035953L, -1517936020L, 1682760381L, 
512216150L, 874739701L, -841745390L, 283228702L, -96666510L, 
559205656L, 1913591659L, -164419991L, -380643324L, 2009378973L, 
-927790768L, -1614767416L, -1525628975L, 711080559L, -1423102689L, 
-387767265L, -1965195009L, -1439549068L, 200092060L, -469066728L, 
-1399045467L, 1858331484L, 1810655333L, -477815235L, 1317897431L, 
-1588559605L, -1113519300L, -247357911L, 402419121L, -1796153268L, 
-1304173191L, -2010597006L, 711104998L, -1586820674L, -408629062L, 
-152144150L, 2086652014L, 1509228435L, 626649104L, -654499L, 
-1355497753L, -1262408540L, -335022528L, -800224393L, -458765557L, 
1900750285L, -807338934L, 620543038L, -680904908L, -1805948681L, 
-2049442761L, -2133114288L, -798318324L, -599990943L, 990198757L, 
1232982552L, 1516599040L, -1732730827L, 886498188L, 1610368663L, 
-1493894867L, 157006057L, -1493427044L, 119240017L, -253523557L, 
-1683764047L, -1952164997L, -697969973L, -1220302156L, 1701934343L, 
-710638993L, -2034072525L, -922064340L, 2047948853L, 1197711197L, 
-137611487L, 673340564L, 1576650341L, -1129000314L, -1356827427L, 
-608895906L, -552881999L, 680465128L, -1500940225L, -1713304414L, 
-709901475L, 1443296249L, 241205443L, -742020740L, -1954235733L, 
1304636326L, -863430845L, -1160752281L, -13708957L, 1246650146L, 
